1.591549430918953370e-05 4.000000000000000000e+00 1.306593704581122169e-03
9.655185504243677386e-01 4.000000000000000000e+00 1.503641002564113371e+00
1.931021185354426351e+00 6.000000000000000000e+00 2.469631730974058303e+00
2.896523820284484962e+00 8.000000000000000000e+00 3.456414535325864179e+00
3.862026455214543574e+00 8.000000000000000000e+00 3.908676699297682688e+00
4.827529090144602186e+00 8.000000000000000000e+00 3.805028521386557561e+00
5.793031725074661686e+00 1.000000000000000000e+01 5.223512642215112578e+00
6.758534360004719410e+00 1.600000000000000000e+01 7.259160913052504327e+00
7.724036994934778022e+00 1.400000000000000000e+01 6.805106774799688729e+00
8.689539629864835746e+00 1.700000000000000000e+01 7.844999043716473608e+00
9.655042264794895246e+00 1.500000000000000000e+01 7.427390101599625538e+00
1.062054489972495475e+01 1.000000000000000000e+01 6.712590816049368136e+00
1.158604753465501247e+01 1.300000000000000000e+01 5.520653702820611741e+00
1.255155016958507197e+01 1.800000000000000000e+01 5.261950945393358836e+00
1.351705280451512969e+01 2.100000000000000000e+01 7.870033031516469713e+00
1.448255543944518742e+01 1.800000000000000000e+01 6.784445173516568950e+00
1.544805807437524692e+01 6.000000000000000000e+00 2.835928568705218922e+00
1.641356070930530464e+01 1.600000000000000000e+01 6.602912850955635626e+00
1.737906334423536236e+01 1.500000000000000000e+01 3.507480260334415068e+00
1.834456597916542009e+01 2.100000000000000000e+01 6.642963694700561916e+00
1.931006861409548137e+01 1.400000000000000000e+01 5.858268055807447361e+00
2.027557124902553909e+01 1.700000000000000000e+01 4.213286769546805033e+00
2.124107388395560037e+01 1.800000000000000000e+01 6.265696997508302779e+00
2.220657651888565809e+01 2.600000000000000000e+01 6.205605271433635828e+00
2.317207915381571581e+01 1.700000000000000000e+01 5.558898945859851004e+00
2.413758178874577354e+01 1.600000000000000000e+01 6.310341632860832384e+00
2.510308442367583126e+01 1.900000000000000000e+01 5.359654236403217809e+00
2.606858705860589254e+01 2.000000000000000000e+01 6.905662908944147027e+00
2.703408969353595026e+01 1.200000000000000000e+01 3.770174746787191111e+00
2.799959232846600798e+01 1.200000000000000000e+01 3.855117912009102366e+00
2.896509496339606571e+01 1.500000000000000000e+01 5.344716643269862288e+00
2.993059759832612343e+01 1.600000000000000000e+01 5.050166146080078633e+00
3.089610023325618471e+01 1.200000000000000000e+01 5.150599238628490895e+00
3.186160286818624243e+01 1.300000000000000000e+01 4.736489815763149203e+00
3.282710550311630016e+01 1.500000000000000000e+01 5.164881903771513905e+00
3.379260813804636143e+01 1.800000000000000000e+01 7.551563314003432836e+00
3.475811077297641560e+01 1.600000000000000000e+01 6.184709854560485276e+00
3.572361340790647688e+01 1.000000000000000000e+01 3.455487440980687719e+00
3.668911604283653105e+01 5.000000000000000000e+00 2.813935692913277276e+00
3.765461867776659233e+01 2.000000000000000000e+00 4.923888991651552416e-02
3.862012131269665360e+01 5.000000000000000000e+00 2.818299758361461738e+00
3.958562394762670777e+01 1.100000000000000000e+01 4.272186817049467678e+00
4.055112658255676905e+01 1.300000000000000000e+01 2.912499715965450875e+00
4.151662921748682322e+01 8.000000000000000000e+00 1.998598692649230291e+00
4.248213185241688450e+01 7.000000000000000000e+00 2.860863541228079843e+00
4.344763448734694578e+01 4.000000000000000000e+00 2.537172547618742779e+00
4.441313712227699995e+01 4.000000000000000000e+00 3.558210649016156357e-01
4.537863975720706122e+01 6.000000000000000000e+00 2.804280284716834881e+00
4.634414239213711539e+01 3.000000000000000000e+00 1.116325828242558993e+00
4.730964502706717667e+01 0.000000000000000000e+00 1.598198933677604234e-14
