    32.620      0.000      0.000      0.000      0.000      0.000      0.000      0.000      0.000      0.000      0.000      0.000      0.000      0.000      0.000
     0.000      8.399      0.000      0.000      0.000      0.000      0.000      0.000      0.000      0.000      0.000      0.000      0.000      0.000      0.000
     0.000      0.000      8.399      0.000      0.000      0.000      0.000      0.000      0.000      0.000      0.000      0.000      0.000      0.000      0.000
     0.000      0.000      0.000      4.183      4.056      8.366      0.000      0.000      0.000      0.000      0.000      0.000      0.000      0.000      0.000
     0.000      0.000      0.000      4.056      8.205      8.111      0.000      0.000      0.000      0.000      0.000      0.000      0.000      0.000      0.000
     0.000      0.000      0.000      8.366      8.111     16.733      0.000      0.000      0.000      0.000      0.000      0.000      0.000      0.000      0.000
     0.000      0.000      0.000      0.000      0.000      0.000      4.183      4.056      8.366      0.000      0.000      0.000      0.000      0.000      0.000
     0.000      0.000      0.000      0.000      0.000      0.000      4.056      8.205      8.111      0.000      0.000      0.000      0.000      0.000      0.000
     0.000      0.000      0.000      0.000      0.000      0.000      8.366      8.111     16.733      0.000      0.000      0.000      0.000      0.000      0.000
     0.000      0.000      0.000      0.000      0.000      0.000      0.000      0.000      0.000      4.183      4.056      8.366      0.000      0.000      0.000
     0.000      0.000      0.000      0.000      0.000      0.000      0.000      0.000      0.000      4.056      8.205      8.111      0.000      0.000      0.000
     0.000      0.000      0.000      0.000      0.000      0.000      0.000      0.000      0.000      8.366      8.111     16.733      0.000      0.000      0.000
     0.000      0.000      0.000      0.000      0.000      0.000      0.000      0.000      0.000      0.000      0.000      0.000      0.011      0.000      0.000
     0.000      0.000      0.000      0.000      0.000      0.000      0.000      0.000      0.000      0.000      0.000      0.000      0.000      0.011      0.000
     0.000      0.000      0.000      0.000      0.000      0.000      0.000      0.000      0.000      0.000      0.000      0.000      0.000      0.000      0.011
